-5.636908796159332269e-01 2.647649124030686529e+00 -1.391996162306856633e-01 1.143820935344768088e+02 5.239268291792706123e+01
-5.114761515702443972e-01 2.613085670737214983e+00 -2.235417608897787289e-01 1.137204924716226628e+02 5.425030243708565081e+01
-5.085252122726746649e-01 2.635338371207960328e+00 -2.584991701769308037e-01 1.169118833779857169e+02 5.010515230821644650e+01
-5.339128027154833589e-01 2.629660007251879872e+00 -1.948712492267432594e-01 1.148253112741789579e+02 5.415242251008777430e+01
-4.687557766630625622e-01 2.584517821457253728e+00 -3.067767297838983609e-01 1.139849839051630198e+02 5.400252840107438601e+01
-5.622424324784063288e-01 2.667423777781908090e+00 -1.501083928171915716e-01 1.141899925538724432e+02 5.176223464094135807e+01
-4.947525165289414772e-01 2.631988070653199063e+00 -2.831910961817349914e-01 1.163716546342327973e+02 5.183440375071563722e+01
-4.896297341562494410e-01 2.588075347326494136e+00 -2.706730734106663760e-01 1.149724691644320558e+02 5.260645140268283626e+01
-5.204438500820245395e-01 2.643322688153147304e+00 -2.350006655158267677e-01 1.170861961394846560e+02 5.133227876362053621e+01
-5.157922935178858026e-01 2.638129350194882594e+00 -2.327672330833436831e-01 1.149312405427055950e+02 5.093039815980978346e+01
-4.991085105798145349e-01 2.594931270461847017e+00 -2.514892600247371490e-01 1.145019771357580680e+02 5.298268877752516914e+01
-4.908589508172305216e-01 2.600288640535164841e+00 -2.791830078680863636e-01 1.160153622546800847e+02 5.094675566269498290e+01
-5.340665742167960417e-01 2.639663874309613245e+00 -2.066761913124643968e-01 1.167249078452404945e+02 5.205349570929720926e+01
-5.208855611619576109e-01 2.633273955009997280e+00 -2.252919281317460332e-01 1.160715709390263299e+02 5.330780407419621270e+01
-4.943992022022616339e-01 2.607664464920349534e+00 -2.654302861996278295e-01 1.132664495390322656e+02 5.379826282729948161e+01
-5.422060535408519399e-01 2.652816799469266407e+00 -1.972657482825859177e-01 1.154025003253652670e+02 5.143144626235482519e+01
-5.109796694746195911e-01 2.627283262590928370e+00 -2.334747452394587697e-01 1.140943132738359083e+02 5.357952714153358897e+01
-5.095266096911554854e-01 2.619007482276382692e+00 -2.387816090718040130e-01 1.147032226676624163e+02 5.424619933557983131e+01
-5.081942715314555770e-01 2.623910988425080415e+00 -2.405766182816613252e-01 1.141709098106792624e+02 5.416027646899021875e+01
-4.841327859662563071e-01 2.603617962987174739e+00 -2.853230214361239803e-01 1.143411645901840359e+02 5.408405099623107049e+01
-5.041162166325783289e-01 2.611207542048995300e+00 -2.521034215564430525e-01 1.146741477897872272e+02 5.102045841408684623e+01
-5.016871359143797449e-01 2.607320706071729166e+00 -2.439131145735213835e-01 1.151020262812791515e+02 5.197767523022915270e+01
-4.643598758157514439e-01 2.579833933804765334e+00 -3.175211868374478996e-01 1.150079788388866291e+02 5.279767719755889743e+01
-5.072418837594838692e-01 2.605567919957589851e+00 -2.313830378504952989e-01 1.146227434771501379e+02 5.304673067942621856e+01
-5.010586617466898929e-01 2.607598357453195792e+00 -2.564042552340612957e-01 1.146718411198993834e+02 5.334856468701687504e+01
-5.157043991944600947e-01 2.649417463415929319e+00 -2.495218534012817457e-01 1.156330980233659318e+02 5.198917028565617215e+01
-5.045515020543493989e-01 2.609465263130032131e+00 -2.538040819051943231e-01 1.164269161611871084e+02 5.177489679308405357e+01
-5.239735075534008857e-01 2.625463832274892884e+00 -2.039613494568683905e-01 1.139761576438496746e+02 5.268841046263528938e+01
-5.281975370023577199e-01 2.635564036937871890e+00 -2.073016496974808831e-01 1.133180362683057609e+02 5.335138832286966704e+01
-5.550602899932925993e-01 2.652638446388283278e+00 -1.619408057283173719e-01 1.157855090348255089e+02 5.235420030027421490e+01
-5.412603864783145369e-01 2.639031868846786200e+00 -1.758740333495030228e-01 1.144317360710974327e+02 5.243811162634008838e+01
-5.039386985876932457e-01 2.630232698214034937e+00 -2.560650334182295040e-01 1.147227829134817370e+02 5.349415601010113619e+01
-5.320775668722586005e-01 2.639879416635358300e+00 -1.971787376980334017e-01 1.154439669632653676e+02 5.188324775569267899e+01
-4.857898833168743380e-01 2.602380098518091600e+00 -2.747793141580689991e-01 1.140430377089204370e+02 5.290394020059019908e+01
-5.365089418131958610e-01 2.638412635763291991e+00 -1.859047628075902736e-01 1.136296071520243629e+02 5.310770956150622624e+01
-4.834763905245438309e-01 2.606375732031759540e+00 -2.877431827383940544e-01 1.144392752937973938e+02 5.129176592328636275e+01
-5.159717130899750259e-01 2.625672403835049185e+00 -2.344594456830773055e-01 1.167535398545771415e+02 5.107193493737977974e+01
-5.244247106756949606e-01 2.629352087617028655e+00 -2.228782974737999467e-01 1.163379323130986620e+02 5.190952040640343057e+01
-5.068031093704190582e-01 2.622503031702987375e+00 -2.563830314918984499e-01 1.149690255734684143e+02 5.309769620057670636e+01
-5.217109121979977004e-01 2.622639996699206666e+00 -2.122294011819167991e-01 1.145559976764549077e+02 5.384895113510435749e+01
-5.045511930115935684e-01 2.616404380875524183e+00 -2.500036737160229450e-01 1.150665578611488797e+02 5.056405841886822827e+01
-4.889001670013959355e-01 2.607320372758442417e+00 -2.814064791989974168e-01 1.165267858660881188e+02 5.181929284870170704e+01
-5.070853349259953902e-01 2.633276453932361427e+00 -2.629934206135473573e-01 1.163702153755364321e+02 5.168621890441337996e+01
-5.032120154910497689e-01 2.627601352326987882e+00 -2.539455461067614550e-01 1.136884649465459347e+02 5.321206981865265107e+01
-5.627114911401243091e-01 2.666551060493782099e+00 -1.498590044303327318e-01 1.150352373213015511e+02 5.220198724940033230e+01
-4.969723847001654704e-01 2.613495125947645548e+00 -2.721256571886669917e-01 1.163841630742350191e+02 5.240806110941494467e+01
-5.111999067016608223e-01 2.617006811696629409e+00 -2.446468523230862502e-01 1.162642158225445570e+02 5.165148184056994296e+01
-4.856669958227763928e-01 2.614238840827413313e+00 -2.938782261596610823e-01 1.143251711375330046e+02 5.241099932655066596e+01
-5.264532950266422873e-01 2.633470386868463908e+00 -2.038595499779347620e-01 1.142201101900850375e+02 5.336949788709998188e+01
-5.375131753023953962e-01 2.650551992877757002e+00 -1.975890262103359163e-01 1.158543764054380460e+02 5.305095603045234043e+01
-5.126220255467464071e-01 2.619085153661826482e+00 -2.260180785808199033e-01 1.144791626282533343e+02 5.325717448898163298e+01
-5.321272568219139742e-01 2.641324962930347464e+00 -2.107904907274544826e-01 1.162042295064078274e+02 5.069970636249152562e+01
-5.249619425314513421e-01 2.629578368414107636e+00 -2.194903115014632533e-01 1.154225518928649592e+02 5.092595845490524198e+01
-4.766759919299996540e-01 2.601349307714308168e+00 -3.084358159896787299e-01 1.154550348124289769e+02 5.123146265290679935e+01
-4.934092454250968984e-01 2.627048756290034870e+00 -2.814845817278648354e-01 1.145004410631215563e+02 5.254845897733014226e+01
-4.869374521556117941e-01 2.606684723986201213e+00 -2.827314444724180476e-01 1.147330137894351338e+02 5.098538217299878283e+01
-5.061268319133063187e-01 2.624132338890582616e+00 -2.462047314684809862e-01 1.154159962895650153e+02 5.300170122493864255e+01
-5.163046729136180346e-01 2.611948823958410326e+00 -2.165062289882406787e-01 1.144681562412235252e+02 5.250045555459342950e+01
-5.287154608249107213e-01 2.631399481132503659e+00 -1.986438388587909998e-01 1.143330010283004583e+02 5.332310286748793260e+01
-5.174508467549401303e-01 2.623954873159586754e+00 -2.322676772465293027e-01 1.147147688508295573e+02 5.316964469978285024e+01
-5.194365653222181578e-01 2.640566272174414308e+00 -2.257186267568620508e-01 1.138356600437274011e+02 5.261824173958513029e+01
-5.080747360775950128e-01 2.606904307703005852e+00 -2.424187999875133670e-01 1.153884040617526949e+02 5.211271811862968661e+01
-5.464925396988880024e-01 2.658655911181352582e+00 -1.842965046459159595e-01 1.156063371452998467e+02 5.298690938961092911e+01
-4.974179685020736486e-01 2.601861823576063326e+00 -2.534937368277194736e-01 1.150061876160508518e+02 5.153115809535395897e+01
-4.992829933047113755e-01 2.625047503114450453e+00 -2.749745891321744296e-01 1.154965555923645582e+02 5.224437433909585593e+01
-5.446231317833518659e-01 2.639748933837792855e+00 -1.788124192041244953e-01 1.147925126693586719e+02 5.248189098257952878e+01
-5.095567552965096780e-01 2.624219016420875406e+00 -2.438159938306334595e-01 1.160469259491428460e+02 5.294314266741719166e+01
-5.360954822433479094e-01 2.648862869530164144e+00 -2.024770122911299097e-01 1.163479755812062564e+02 5.235286004685474381e+01
-5.522561435197008706e-01 2.658974000702618135e+00 -1.711173474355582869e-01 1.157680982561531664e+02 5.256184489230585655e+01
-5.269758409866636129e-01 2.643352958231886429e+00 -2.207014095057697745e-01 1.145578094981666197e+02 5.327326444857376941e+01
-4.876157886765621896e-01 2.616784678399822539e+00 -2.848416656350565290e-01 1.140544791629762926e+02 5.287712515710467187e+01
-5.507279818654184922e-01 2.665373566860373078e+00 -1.790237976874848869e-01 1.150887106601001904e+02 5.269646973732471906e+01
-5.045330512428289893e-01 2.614856441147555000e+00 -2.470540824584421813e-01 1.136039729935269378e+02 5.233333604760687763e+01
-5.419872321971617168e-01 2.639596082792314391e+00 -1.839981223302693536e-01 1.157941688619874299e+02 5.148627272645492781e+01
-5.129489423780482227e-01 2.622616129029053944e+00 -2.338104595994003887e-01 1.138174401572713208e+02 5.190692717184575145e+01
-5.230978587463148699e-01 2.625102171210295321e+00 -2.186059808363403079e-01 1.155786015193482257e+02 5.091189264570957107e+01
-5.096848335346892966e-01 2.625284718120373118e+00 -2.365871845954377051e-01 1.137498216012283194e+02 5.314151136813342191e+01
-4.827275213495578754e-01 2.592517974652249091e+00 -2.851154112749476610e-01 1.147780274818990875e+02 5.162228489683684529e+01
-5.101593791510756759e-01 2.629708005373194268e+00 -2.457174448682835077e-01 1.137144409462942036e+02 5.299343244514386697e+01
-5.071000498874127516e-01 2.617258133157625455e+00 -2.381197736570506152e-01 1.145774199274453338e+02 5.182416479383087449e+01
-4.905373399224490782e-01 2.619469336958093031e+00 -2.873427473053862258e-01 1.158410030719432200e+02 5.104034390615228745e+01
-5.151535121250176985e-01 2.623094984710864441e+00 -2.374582395987658856e-01 1.149836362580098239e+02 5.149968549928419748e+01
-5.122654233838481730e-01 2.615743716577671574e+00 -2.294055441643969573e-01 1.135591076884412445e+02 5.298964158449030037e+01
-5.328332735852576718e-01 2.646682188474071218e+00 -2.083404164009365900e-01 1.160200446396776073e+02 5.281088785122693707e+01
-4.743030962650864879e-01 2.591136680021488115e+00 -2.976181301148308478e-01 1.145017421648399250e+02 5.221776554543615134e+01
-5.157205673460545370e-01 2.624472532209437770e+00 -2.374914532254308597e-01 1.160432473505463520e+02 5.254884957880494767e+01
-4.970263965116581417e-01 2.623200078443050476e+00 -2.777918193214858888e-01 1.158123148514018652e+02 5.119354825349307703e+01
-4.771007033359691007e-01 2.591420275679495955e+00 -2.989510473205907459e-01 1.147883730389984152e+02 5.245450363883961131e+01
-5.147541182225650047e-01 2.628662666647186619e+00 -2.348869618122666481e-01 1.161549541304022597e+02 5.091396732133171099e+01
-5.231034918889960750e-01 2.638526622008328548e+00 -2.164125641454930360e-01 1.152565588144398276e+02 5.194117345531924457e+01
-5.046062924747829470e-01 2.603747307410773093e+00 -2.439897056798496777e-01 1.144285570792616227e+02 5.255850111520871337e+01
-5.224672503906528931e-01 2.630719726844648054e+00 -2.179570626995914751e-01 1.141999691239454080e+02 5.388568650649870051e+01
-5.448211054909464224e-01 2.646164867513875585e+00 -1.828749604500394810e-01 1.153404091583576587e+02 5.282037995325183033e+01
-5.273332730686073333e-01 2.653418582558139338e+00 -2.245270994178412138e-01 1.151068462728965187e+02 5.178127910892530394e+01
-5.090613646700150596e-01 2.618219566029422296e+00 -2.411318346067083951e-01 1.141725246143712269e+02 5.155637961097647803e+01
-5.039136195810405283e-01 2.617322264885563854e+00 -2.587233985386312440e-01 1.163394279639546625e+02 5.218964519152802950e+01
-4.936629532262841735e-01 2.626190554842410485e+00 -2.784871752384319166e-01 1.148526320513542487e+02 5.211037942962838088e+01
-5.147245107079960746e-01 2.633017038677510691e+00 -2.310548757247588014e-01 1.148728954835141280e+02 5.191646572158089157e+01
-5.085977941647641387e-01 2.623761093811038947e+00 -2.456384144920171764e-01 1.143217738213484722e+02 5.385029562253956215e+01
-5.297029294756114837e-01 2.637127662085015256e+00 -2.127693597274102899e-01 1.146452572248993675e+02 5.234825617722214020e+01
-5.056044860858701639e-01 2.620129213366264143e+00 -2.457218787939616789e-01 1.156060548228119700e+02 5.160136664715884081e+01
-4.884065015522818243e-01 2.613320124696519198e+00 -2.882835952895312914e-01 1.158241562612595459e+02 5.092436624638602893e+01
-5.302521500213606132e-01 2.635119159125685062e+00 -2.032238032821904739e-01 1.137358286245826662e+02 5.327520255182534470e+01
-5.329470499248651905e-01 2.651383750104376436e+00 -2.107545570775855026e-01 1.148205060436966392e+02 5.314247940501846301e+01
-5.119426836157430216e-01 2.621295903034193575e+00 -2.385612010515991699e-01 1.138792164252279946e+02 5.319822157498205684e+01
-5.120150086354158248e-01 2.621689294846343277e+00 -2.309605996841757047e-01 1.135428639479726201e+02 5.312637556470974687e+01
-4.843465588189381776e-01 2.592147838711348573e+00 -2.774832958444690689e-01 1.147853166358873267e+02 5.279802161334345101e+01
-5.024888991019373918e-01 2.609041263566147961e+00 -2.440862547426583262e-01 1.139099585219168773e+02 5.258999291415452149e+01
-4.811440204789807495e-01 2.593816245142583465e+00 -2.918763212241763938e-01 1.148663979528265031e+02 5.202787176879277808e+01
-5.140405192225570019e-01 2.637221740283244742e+00 -2.427376837144503696e-01 1.156309018140331659e+02 5.305077387385165366e+01
-5.434932375146468431e-01 2.641207071384386484e+00 -1.791846203303677498e-01 1.143765128527583954e+02 5.243833843490492086e+01
-4.702710068264082111e-01 2.593193396338941525e+00 -3.133919645445928381e-01 1.150132236513480422e+02 5.262257569324805218e+01
-5.177311741331234174e-01 2.638076770510491276e+00 -2.401777355866006047e-01 1.149358593254416832e+02 5.250412455216945773e+01
-4.995383653991130046e-01 2.623355932991335848e+00 -2.682765017775494698e-01 1.142795575350602775e+02 5.276722089541652849e+01
-5.042624390280128210e-01 2.609906358044942198e+00 -2.463063147289830113e-01 1.145062067351923645e+02 5.364509303632195270e+01
-5.186087506860381779e-01 2.629732830505876251e+00 -2.224562863579429006e-01 1.147271525979688960e+02 5.356495550409576367e+01
-5.028135694023347924e-01 2.633654394154944178e+00 -2.633236991261238558e-01 1.154182435547003962e+02 5.184092436625078903e+01
-5.412211426521684743e-01 2.658571436803092602e+00 -1.936388052266941884e-01 1.150215840704986334e+02 5.153685710913484286e+01
-4.883822152113541648e-01 2.607277145128739093e+00 -2.835826265874690222e-01 1.148962367721186837e+02 5.125363262016486487e+01
-5.164608956641600912e-01 2.632702229806036964e+00 -2.380784862557323578e-01 1.143987852946908532e+02 5.213694021281682467e+01
-5.164608956641600912e-01 2.632702229806036964e+00 -2.380784862557323578e-01 1.143987852946908532e+02 5.213694021281682467e+01
-5.320212856814450220e-01 2.647307578896732849e+00 -2.057045625213049789e-01 1.143771853483547716e+02 5.167047795595971138e+01
-5.381332113710444176e-01 2.644527784265688020e+00 -1.866744921105336630e-01 1.146822326970305284e+02 5.271191397912326693e+01
-5.077993912345863947e-01 2.633194575868172294e+00 -2.557468153839170810e-01 1.163045146255228559e+02 5.156404154057381106e+01
-5.040331522192893487e-01 2.619667671138750986e+00 -2.614443011198765987e-01 1.154474628596794332e+02 5.163301100245769248e+01
-5.088377111203055136e-01 2.635012313165942199e+00 -2.577175911857203516e-01 1.155279912865600380e+02 5.242013088890692529e+01
-5.088377111203055136e-01 2.635012313165942199e+00 -2.577175911857203516e-01 1.155279912865600380e+02 5.242013088890692529e+01
-5.079741608803409747e-01 2.632014697584687646e+00 -2.473514575115451919e-01 1.151381581663461589e+02 5.269270820467957606e+01
-5.211572349973465634e-01 2.623596069628240990e+00 -2.227115009325668638e-01 1.149006052614206794e+02 5.163032963533950692e+01
-5.300194085218965512e-01 2.651645539896194670e+00 -2.115307129294539124e-01 1.144038792428420095e+02 5.279924892736082143e+01
-4.926096029109325869e-01 2.610064203809013605e+00 -2.777591974975646139e-01 1.158322356106146458e+02 5.272098610651315198e+01
-5.007320743971952481e-01 2.608358176040105114e+00 -2.569243507700456064e-01 1.142610570604113889e+02 5.249395682302485966e+01
-5.014663536125656407e-01 2.613127898994422438e+00 -2.499841237368158886e-01 1.142928262649496673e+02 5.176642529047990138e+01
-5.121506064635390487e-01 2.625136378432880058e+00 -2.471951690432412363e-01 1.159023674899666219e+02 5.164320032297638363e+01
-5.039250259733023540e-01 2.614833286879350904e+00 -2.522468068126570984e-01 1.154173640746241176e+02 5.080716562404128922e+01
-5.039250259733023540e-01 2.614833286879350904e+00 -2.522468068126570984e-01 1.154173640746241176e+02 5.080716562404128922e+01
-5.222384311144292468e-01 2.636729536477912195e+00 -2.209651988042509174e-01 1.145261513143013588e+02 5.370176944064169788e+01
-5.083113567977068925e-01 2.608983408352049782e+00 -2.330529501794149638e-01 1.141875370004930801e+02 5.271823217599032319e+01
-5.017366740589199736e-01 2.613300354383019108e+00 -2.478491254233858854e-01 1.143202364478514710e+02 5.317194320318080258e+01
-5.282083077417727424e-01 2.637117913566438876e+00 -2.144451503437529993e-01 1.144457034706234424e+02 5.285532869062586769e+01
-5.220951500382247090e-01 2.620549046902025836e+00 -2.134781344500957800e-01 1.144450936650846842e+02 5.329912918507034192e+01
-5.220951500382247090e-01 2.620549046902025836e+00 -2.134781344500957800e-01 1.144450936650846842e+02 5.329912918507034192e+01
-5.231481534890249918e-01 2.649356833174355330e+00 -2.305625226592393773e-01 1.156613027532632998e+02 5.225102549755683867e+01
-5.059087735979534983e-01 2.622050055470981356e+00 -2.560305852279327610e-01 1.145603843168365756e+02 5.240181635580663055e+01
-5.450691994984584454e-01 2.651427025952200367e+00 -1.787660323930104767e-01 1.148497805131662801e+02 5.308179649847113524e+01
-5.358088795883055866e-01 2.643697279057150240e+00 -1.944880336658236786e-01 1.151540501429406191e+02 5.137520531301683491e+01
-5.003229683198195943e-01 2.626791688493764987e+00 -2.714323955606818828e-01 1.153713998288013300e+02 5.153488560030919530e+01
-5.003229683198195943e-01 2.626791688493764987e+00 -2.714323955606818828e-01 1.153713998288013300e+02 5.153488560030919530e+01
-5.017933841682449270e-01 2.605382611457258690e+00 -2.542067635277653892e-01 1.152699404929425242e+02 5.177799014893108165e+01
-4.895467605669896471e-01 2.606836026885902324e+00 -2.792696890999781800e-01 1.153381927674107459e+02 5.318123044747636641e+01
-5.304022924922033866e-01 2.642163620706304172e+00 -2.144337052889113693e-01 1.163076762441440621e+02 5.169017320398532434e+01
-4.907979796342925027e-01 2.612505021712446140e+00 -2.792151753849267948e-01 1.161269845052523948e+02 5.159752217676970076e+01
-5.153029398765465174e-01 2.626415320741163573e+00 -2.316767953096547927e-01 1.150097080421869293e+02 5.341867465363040424e+01
-5.135465516255681706e-01 2.641147075034103953e+00 -2.480526208650193354e-01 1.159013292430305029e+02 5.159247491131290531e+01
-4.893083925772643283e-01 2.616645792143999838e+00 -2.887329373533056298e-01 1.158000102749144560e+02 5.216621583389340344e+01
-5.144517346904837751e-01 2.613848243233382274e+00 -2.288812082787945457e-01 1.156135024190314482e+02 5.167849016588780842e+01
-5.144517346904837751e-01 2.613848243233382274e+00 -2.288812082787945457e-01 1.156135024190314482e+02 5.167849016588780842e+01
-5.084742819509404654e-01 2.633979050564041913e+00 -2.556746731383992000e-01 1.148680356129373621e+02 5.276973826537007994e+01
-4.865651965264845558e-01 2.603423883732770339e+00 -2.814283002193320726e-01 1.154422572959722828e+02 5.122810746544601557e+01
-5.025127719605073651e-01 2.626878575561149010e+00 -2.648146861110447503e-01 1.146134040445793829e+02 5.260913981795954442e+01
-5.210773204018437355e-01 2.636653790873245473e+00 -2.234743802816225866e-01 1.154218765784396510e+02 5.309927011197609659e+01
-5.089254984819007177e-01 2.611034241993670513e+00 -2.357408982708601997e-01 1.142362499921702295e+02 5.206623979028580607e+01
-5.153353917752578894e-01 2.616190358269245841e+00 -2.261672959182785547e-01 1.143806496931934475e+02 5.333826933332937870e+01
-4.964953828034950334e-01 2.624640076996868743e+00 -2.762277837044457840e-01 1.155670303572219382e+02 5.256753518144375903e+01
-5.346404628981300533e-01 2.648162873193497191e+00 -2.053825299562568318e-01 1.154183821932232945e+02 5.107796610442267138e+01
-5.247631054731805023e-01 2.639358174683883007e+00 -2.132094617903295131e-01 1.148715435387577060e+02 5.264097038253396477e+01
-5.435473537609585293e-01 2.658115155519404027e+00 -1.895839723702472668e-01 1.147497498237073899e+02 5.209281506824962094e+01
-5.435473537609585293e-01 2.658115155519404027e+00 -1.895839723702472668e-01 1.147497498237073899e+02 5.209281506824962094e+01
-5.204982922416263591e-01 2.645461007434472656e+00 -2.335658030581377886e-01 1.157163098736892266e+02 5.136172626696924226e+01
-4.930884258896552907e-01 2.605612542612918858e+00 -2.646018206315829957e-01 1.139300161428183031e+02 5.253100750859175605e+01
-4.930884258896552907e-01 2.605612542612918858e+00 -2.646018206315829957e-01 1.139300161428183031e+02 5.253100750859175605e+01
-5.033482239168840522e-01 2.607279812162991650e+00 -2.455810881983246929e-01 1.141094325860825478e+02 5.319239406743037080e+01
-5.033482239168840522e-01 2.607279812162991650e+00 -2.455810881983246929e-01 1.141094325860825478e+02 5.319239406743037080e+01
-5.138069171058603501e-01 2.611197967817000087e+00 -2.255921988004558898e-01 1.147948564087730432e+02 5.228985644509816666e+01
-5.231232504537883798e-01 2.625507990440400174e+00 -2.166265605412736051e-01 1.142524739631101482e+02 5.294622302388560797e+01
-5.276565649569118222e-01 2.649098893670977617e+00 -2.185893548223063476e-01 1.146014826126850892e+02 5.293257802691829284e+01
-5.016615697796611428e-01 2.611855989686402868e+00 -2.476438595960690492e-01 1.146732445395450952e+02 5.270106470023242196e+01
-5.094972361704712682e-01 2.618125636421596347e+00 -2.449347667412844487e-01 1.159063673284872351e+02 5.262776300644912908e+01
-5.109385650124611544e-01 2.624557179787836425e+00 -2.342262328265558580e-01 1.145446447240715884e+02 5.285284742648332212e+01
-5.189327239570280526e-01 2.630817975754750737e+00 -2.346571296562487419e-01 1.158442663989131916e+02 5.148275887052051303e+01
-5.189327239570280526e-01 2.630817975754750737e+00 -2.346571296562487419e-01 1.158442663989131916e+02 5.148275887052051303e+01
-5.212780817885818152e-01 2.646770388217655867e+00 -2.346745339461886459e-01 1.156539683821608691e+02 5.167583801090435713e+01
-5.239510984647255398e-01 2.638655971540065259e+00 -2.235468905808044582e-01 1.161583694828867266e+02 5.239433636084726231e+01
-5.429515047073802947e-01 2.645249017523066293e+00 -1.828163723214579761e-01 1.144999491368789961e+02 5.221380709077169513e+01
-5.358115121748685539e-01 2.645507161853688061e+00 -1.994543186367430110e-01 1.159973603874346963e+02 5.141362088086083304e+01
-5.181931204878242880e-01 2.620358382902424843e+00 -2.262170759408714815e-01 1.149987602228527663e+02 5.296731003165015750e+01
-5.181931204878242880e-01 2.620358382902424843e+00 -2.262170759408714815e-01 1.149987602228527663e+02 5.296731003165015750e+01
-5.052454282591529733e-01 2.630756045894230954e+00 -2.551241374666695094e-01 1.151254783973632385e+02 5.289617603732969542e+01
-5.052454282591529733e-01 2.630756045894230954e+00 -2.551241374666695094e-01 1.151254783973632385e+02 5.289617603732969542e+01
-4.893121131805493462e-01 2.609715449842791912e+00 -2.771001007431319607e-01 1.150896843098005036e+02 5.301650982268881762e+01
-5.393404976548676899e-01 2.639165581741407252e+00 -1.852757578978945219e-01 1.152108725770146691e+02 5.258941243143655697e+01
-5.393404976548676899e-01 2.639165581741407252e+00 -1.852757578978945219e-01 1.152108725770146691e+02 5.258941243143655697e+01
-5.081099407580520477e-01 2.611153076579854737e+00 -2.359116203677498191e-01 1.142238575715338982e+02 5.223407400755016283e+01
-5.081099407580520477e-01 2.611153076579854737e+00 -2.359116203677498191e-01 1.142238575715338982e+02 5.223407400755016283e+01
-5.103192215761396255e-01 2.635979908164261865e+00 -2.489690959302599538e-01 1.150536452758303056e+02 5.141522388085905959e+01
-4.976153880526332784e-01 2.613144070594421997e+00 -2.642161951161501321e-01 1.154050817000584459e+02 5.096146736155455415e+01
-4.976153880526332784e-01 2.613144070594421997e+00 -2.642161951161501321e-01 1.154050817000584459e+02 5.096146736155455415e+01
-5.339639373218929563e-01 2.646965467614091683e+00 -2.010607503333048385e-01 1.143164760668994120e+02 5.200749477702953527e+01
-5.339639373218929563e-01 2.646965467614091683e+00 -2.010607503333048385e-01 1.143164760668994120e+02 5.200749477702953527e+01
-5.015030283860291149e-01 2.627875561512690084e+00 -2.601642781051278774e-01 1.147127675056489409e+02 5.212654946083122809e+01
-4.945832135259546902e-01 2.620795552366391057e+00 -2.743696101058681336e-01 1.149956166783975391e+02 5.143002719922787946e+01
-4.945832135259546902e-01 2.620795552366391057e+00 -2.743696101058681336e-01 1.149956166783975391e+02 5.143002719922787946e+01
-5.052005683720093288e-01 2.618319060777695828e+00 -2.493914551285119074e-01 1.146289495252230637e+02 5.361905707195714399e+01
-5.052005683720093288e-01 2.618319060777695828e+00 -2.493914551285119074e-01 1.146289495252230637e+02 5.361905707195714399e+01
-4.931838476578835895e-01 2.617758363868433857e+00 -2.742410886546231552e-01 1.150374885450061271e+02 5.147124737268845251e+01
-5.141377136876412735e-01 2.633955228864957476e+00 -2.397505344035817387e-01 1.160460235500754749e+02 5.215828385060987671e+01
-5.138147186248804843e-01 2.620247831659709536e+00 -2.284590885758213119e-01 1.152213863334709885e+02 5.165309891044671531e+01
-5.129191415483722594e-01 2.629941742446031405e+00 -2.386963808841748858e-01 1.153356878879548475e+02 5.103835286642967617e+01
-5.129191415483722594e-01 2.629941742446031405e+00 -2.386963808841748858e-01 1.153356878879548475e+02 5.103835286642967617e+01
-4.981535078617023160e-01 2.608326923142920251e+00 -2.584136783245476465e-01 1.155767014206173116e+02 5.144978418374228113e+01
-4.981535078617023160e-01 2.608326923142920251e+00 -2.584136783245476465e-01 1.155767014206173116e+02 5.144978418374228113e+01
-5.399619061386129459e-01 2.644831420218707319e+00 -1.885492693284938071e-01 1.156927169915937696e+02 5.180443830970173735e+01
-5.109490351920058515e-01 2.628809871365623163e+00 -2.401113999637729535e-01 1.150346380898926384e+02 5.318913549148342668e+01
-5.225864985486259329e-01 2.641013428294086474e+00 -2.293271900799336294e-01 1.161187504358185265e+02 5.216063629792176926e+01
-5.031201647058454185e-01 2.620192011347633798e+00 -2.624505231484874912e-01 1.160792243792666056e+02 5.177041629123979760e+01
-5.130119984319438942e-01 2.632918390659328089e+00 -2.367742311273381972e-01 1.142963235749655979e+02 5.216247208418135983e+01
-4.936917804325009485e-01 2.615488733209428318e+00 -2.729180036105436358e-01 1.158225264366086691e+02 5.167093119946486013e+01
-4.992192864051840928e-01 2.605099651443129272e+00 -2.551543881179636486e-01 1.152016289393308313e+02 5.153280623094966018e+01
-5.101093706629562519e-01 2.633897585039886913e+00 -2.522455920978234900e-01 1.160834464281135752e+02 5.192625695197824598e+01
-4.818697779115082014e-01 2.604221728695831128e+00 -2.941893704167544144e-01 1.147351946443948947e+02 5.284771808439023744e+01
-4.818697779115082014e-01 2.604221728695831128e+00 -2.941893704167544144e-01 1.147351946443948947e+02 5.284771808439023744e+01
-5.464258012709626300e-01 2.653472766945579764e+00 -1.796624251530545280e-01 1.149944775715138832e+02 5.186719821233720040e+01
-5.251726955284681253e-01 2.636846237767176415e+00 -2.187491465951918457e-01 1.158749662731318750e+02 5.272150108211747011e+01
-5.095953716555952084e-01 2.629657218714006373e+00 -2.435342733389393999e-01 1.143947057919761221e+02 5.184348043506926729e+01
-5.026073901454637394e-01 2.617555753478676639e+00 -2.530123937090849040e-01 1.154629785729482876e+02 5.287919910114186450e+01
-5.266316058113993392e-01 2.638004208803148565e+00 -2.086039775320038814e-01 1.142124912682587592e+02 5.265442169521270444e+01
-5.019818568135576697e-01 2.612866627123899388e+00 -2.534517779042033681e-01 1.140038157632173892e+02 5.316545114533701621e+01
-4.906253449062960570e-01 2.597578552432851851e+00 -2.685453582368939607e-01 1.147093825816266843e+02 5.257672658649792652e+01
-5.220087599746641160e-01 2.646548008025242815e+00 -2.325819211026676214e-01 1.154012897856009516e+02 5.215426371811039985e+01
-5.220087599746641160e-01 2.646548008025242815e+00 -2.325819211026676214e-01 1.154012897856009516e+02 5.215426371811039985e+01
-5.016174397132182605e-01 2.610300582260198343e+00 -2.478488614744627228e-01 1.141396075035100210e+02 5.266775859644252478e+01
-5.279261052183246150e-01 2.646795444781006257e+00 -2.189846626680207464e-01 1.155734526892888283e+02 5.123686202703899539e+01
-5.279261052183246150e-01 2.646795444781006257e+00 -2.189846626680207464e-01 1.155734526892888283e+02 5.123686202703899539e+01
-5.325177334137665142e-01 2.648556784489980664e+00 -2.123944751729673897e-01 1.155413024435938638e+02 5.231323893079812137e+01
-5.089215486606537553e-01 2.616954546510936730e+00 -2.473009090839912716e-01 1.153747865203876017e+02 5.204776673670062337e+01
-5.089215486606537553e-01 2.616954546510936730e+00 -2.473009090839912716e-01 1.153747865203876017e+02 5.204776673670062337e+01
-4.857668709624682890e-01 2.602289280812930983e+00 -2.816816469950467194e-01 1.141723097467694146e+02 5.273012729467177451e+01
-4.857668709624682890e-01 2.602289280812930983e+00 -2.816816469950467194e-01 1.141723097467694146e+02 5.273012729467177451e+01
-4.895817603462297996e-01 2.613568064193066309e+00 -2.793848409746306771e-01 1.142568073733683889e+02 5.257878052127171031e+01
-4.883302095037764801e-01 2.615303864630939223e+00 -2.889740898807495739e-01 1.155660123586146284e+02 5.180830124941729764e+01
-5.449752177756099769e-01 2.654684462763187369e+00 -1.842971375264923495e-01 1.155634324222522338e+02 5.201145921282986251e+01
-5.449752177756099769e-01 2.654684462763187369e+00 -1.842971375264923495e-01 1.155634324222522338e+02 5.201145921282986251e+01
-5.319682529524829562e-01 2.644290117945696572e+00 -2.034223385987043997e-01 1.155145917271984359e+02 5.196700092528644177e+01
-5.319682529524829562e-01 2.644290117945696572e+00 -2.034223385987043997e-01 1.155145917271984359e+02 5.196700092528644177e+01
-5.161343395931474731e-01 2.618994006973221822e+00 -2.220873831181542357e-01 1.141181475473304658e+02 5.276935718616891791e+01
-5.161343395931474731e-01 2.618994006973221822e+00 -2.220873831181542357e-01 1.141181475473304658e+02 5.276935718616891791e+01
-4.856001483773049188e-01 2.602942191989922271e+00 -2.808111665873376239e-01 1.151546239240782370e+02 5.217392264273658498e+01
-5.443286491341927658e-01 2.656438993809554727e+00 -1.880668706723351846e-01 1.151373978844251127e+02 5.221394432733924873e+01
-4.884926292626161626e-01 2.606931786381621041e+00 -2.807050381110194337e-01 1.149754013503077914e+02 5.138596460675137223e+01
-4.884926292626161626e-01 2.606931786381621041e+00 -2.807050381110194337e-01 1.149754013503077914e+02 5.138596460675137223e+01
-5.123867329619464783e-01 2.637068976364307815e+00 -2.462758879628506037e-01 1.147577442236924128e+02 5.283428690210962486e+01
-5.249534775344937287e-01 2.627924842754197687e+00 -2.089427111229529288e-01 1.140249240990147683e+02 5.277685752819934351e+01
-5.249534775344937287e-01 2.627924842754197687e+00 -2.089427111229529288e-01 1.140249240990147683e+02 5.277685752819934351e+01
-5.211559491631962970e-01 2.632168806120413596e+00 -2.184245017922350485e-01 1.150344751591947841e+02 5.175375876933603081e+01
-5.211559491631962970e-01 2.632168806120413596e+00 -2.184245017922350485e-01 1.150344751591947841e+02 5.175375876933603081e+01
-4.999764206256163135e-01 2.611109336710101037e+00 -2.612260500724055134e-01 1.148097677240029526e+02 5.282995636468982070e+01
-5.058807878311046835e-01 2.612694356855878475e+00 -2.471124817743746149e-01 1.149333081996926609e+02 5.145689270609861410e+01
-4.931421666701520934e-01 2.615012117046685791e+00 -2.770690792779717526e-01 1.155026536015733996e+02 5.278403091088813426e+01
-5.330542327323986029e-01 2.649500847115673796e+00 -2.097915327947177389e-01 1.153824263340283380e+02 5.265753475657555782e+01
-5.153244659096554159e-01 2.625272134817184799e+00 -2.363196234289777209e-01 1.152161838929748967e+02 5.129853393139038076e+01
-5.153244659096554159e-01 2.625272134817184799e+00 -2.363196234289777209e-01 1.152161838929748967e+02 5.129853393139038076e+01
-5.332105076301356661e-01 2.635002706456426314e+00 -1.983241189178350794e-01 1.144070305673370882e+02 5.230853831882981808e+01
-5.412298135805997390e-01 2.656117451424246045e+00 -1.935587234155793368e-01 1.149878003245087257e+02 5.213122911401384840e+01
-5.190543312080544425e-01 2.627512069232651903e+00 -2.213713234117715700e-01 1.145873406761363782e+02 5.166712242760533513e+01
-5.119383336542071561e-01 2.616113443072104694e+00 -2.338608512802338169e-01 1.144376002266488683e+02 5.323844432702051677e+01
-5.231798600677235456e-01 2.627848897408492146e+00 -2.196437164933211506e-01 1.150452685646486657e+02 5.294332423239467289e+01
-5.231798600677235456e-01 2.627848897408492146e+00 -2.196437164933211506e-01 1.150452685646486657e+02 5.294332423239467289e+01
-4.898224780140338908e-01 2.612688155688942082e+00 -2.775064622611260745e-01 1.145484728720234102e+02 5.204308875639856069e+01
-4.903834653656797826e-01 2.614360764519840341e+00 -2.848482678652892730e-01 1.153151187310986501e+02 5.179651035106897439e+01
-4.981686284191706449e-01 2.618643579220161222e+00 -2.711600398370279663e-01 1.151105007069424460e+02 5.204603257432412988e+01
-5.060170250545414916e-01 2.629256193701472011e+00 -2.513389135497590132e-01 1.152315341403802904e+02 5.211145463986738946e+01
-5.060170250545414916e-01 2.629256193701472011e+00 -2.513389135497590132e-01 1.152315341403802904e+02 5.211145463986738946e+01
-5.114899879077086098e-01 2.634550073810264070e+00 -2.457442003615302184e-01 1.148103262548098797e+02 5.158227619574162759e+01
-5.388897048039247295e-01 2.649773902080470478e+00 -1.917040865702102082e-01 1.146801319033820477e+02 5.291509448763883938e+01
-4.995943832982536748e-01 2.617299581352441784e+00 -2.652000880165328311e-01 1.145591622695606304e+02 5.273117493425550606e+01
-4.995943832982536748e-01 2.617299581352441784e+00 -2.652000880165328311e-01 1.145591622695606304e+02 5.273117493425550606e+01
-5.310219936982552014e-01 2.636692738442850015e+00 -2.081404234876060855e-01 1.155548209925148910e+02 5.144962666357136527e+01
-5.283389073444340056e-01 2.630164844861683893e+00 -2.092438452711622432e-01 1.151350512854665453e+02 5.173304498788687056e+01
-5.049691867277550372e-01 2.612817649904905615e+00 -2.511083369876292437e-01 1.147641641578690042e+02 5.211704332174784327e+01
-5.049691867277550372e-01 2.612817649904905615e+00 -2.511083369876292437e-01 1.147641641578690042e+02 5.211704332174784327e+01
-4.922882970235242794e-01 2.614944265162871595e+00 -2.748152971010480172e-01 1.145764094423551711e+02 5.183746108944620801e+01
-4.982444045125795640e-01 2.610763866617299644e+00 -2.613717127738865997e-01 1.146814990460389794e+02 5.154527188648623337e+01
-4.982444045125795640e-01 2.610763866617299644e+00 -2.613717127738865997e-01 1.146814990460389794e+02 5.154527188648623337e+01
-5.117261426598709306e-01 2.629912306510434838e+00 -2.433465184256107250e-01 1.160048767185187586e+02 5.136102469159061457e+01
-4.971328937037267082e-01 2.619554129936396247e+00 -2.726909621489532753e-01 1.155417953283526913e+02 5.254483766376765175e+01
-4.971328937037267082e-01 2.619554129936396247e+00 -2.726909621489532753e-01 1.155417953283526913e+02 5.254483766376765175e+01
-5.201155760821825069e-01 2.634209878988448494e+00 -2.253739853814060723e-01 1.140275644380711810e+02 5.300053983171764571e+01
-5.201155760821825069e-01 2.634209878988448494e+00 -2.253739853814060723e-01 1.140275644380711810e+02 5.300053983171764571e+01
-4.896089721545031637e-01 2.614815485783987814e+00 -2.849432364505783966e-01 1.157233058634714666e+02 5.187385911937400351e+01
-5.297332913141215016e-01 2.632100283506510596e+00 -2.069471086618239752e-01 1.151613518684084738e+02 5.275522777598558832e+01
-5.200137605330183987e-01 2.636846493624596111e+00 -2.324574491459365788e-01 1.150932249029315386e+02 5.152192623324722831e+01
-5.026174129111637967e-01 2.611638350821642529e+00 -2.538656417227453943e-01 1.147883177273307638e+02 5.309653594649569186e+01
-5.255899814967506245e-01 2.638483613189403609e+00 -2.221434473830470324e-01 1.154285804892266469e+02 5.256330021748442505e+01
-4.947747936138817693e-01 2.612237622192525421e+00 -2.690581733009569376e-01 1.142289643209512775e+02 5.219927676230184943e+01
-4.984082152223230366e-01 2.609491891805808539e+00 -2.587455861632932397e-01 1.155088213910220247e+02 5.259008145086610853e+01
-4.984082152223230366e-01 2.609491891805808539e+00 -2.587455861632932397e-01 1.155088213910220247e+02 5.259008145086610853e+01
-5.158808864739814481e-01 2.627963431377160930e+00 -2.293130783303869435e-01 1.140964254510867306e+02 5.334381302778632516e+01
-5.370045703962800232e-01 2.649962695381810285e+00 -2.001246871518453929e-01 1.152724536478597486e+02 5.273153391826434699e+01
-5.370045703962800232e-01 2.649962695381810285e+00 -2.001246871518453929e-01 1.152724536478597486e+02 5.273153391826434699e+01
-5.199500676788026965e-01 2.634748439683043397e+00 -2.310964042238534688e-01 1.159266017871031949e+02 5.245111260008056320e+01
-5.268387177635069918e-01 2.645360294328726880e+00 -2.192747620967132605e-01 1.151930027402188301e+02 5.287355965834657923e+01
-5.268387177635069918e-01 2.645360294328726880e+00 -2.192747620967132605e-01 1.151930027402188301e+02 5.287355965834657923e+01
-5.258105957504106698e-01 2.624603170912481964e+00 -2.083889228919648673e-01 1.146956963240607053e+02 5.249120776206484607e+01
-5.258105957504106698e-01 2.624603170912481964e+00 -2.083889228919648673e-01 1.146956963240607053e+02 5.249120776206484607e+01
-5.046859242291894532e-01 2.623363171726107890e+00 -2.518121152637604609e-01 1.152328911061244554e+02 5.293798906575520391e+01
-5.320854914555841475e-01 2.634412819586665400e+00 -2.007425306084762440e-01 1.155943025995374711e+02 5.184846624914140989e+01
-5.320854914555841475e-01 2.634412819586665400e+00 -2.007425306084762440e-01 1.155943025995374711e+02 5.184846624914140989e+01
-5.278826932063385158e-01 2.647559132070295362e+00 -2.184475816655790936e-01 1.151249931053883557e+02 5.271448351549170752e+01
-5.144062797295152478e-01 2.632418466229543341e+00 -2.332409291910959581e-01 1.148946505853547393e+02 5.219045131691822803e+01
-4.910215120701106883e-01 2.609931665644930732e+00 -2.719262259711161533e-01 1.147408105181397531e+02 5.247038263568541083e+01
-5.063565761209822824e-01 2.627500202030580212e+00 -2.489616527044429262e-01 1.144013765164457652e+02 5.288536353387223699e+01
-4.977252816440964622e-01 2.616493391621390163e+00 -2.625765816137040076e-01 1.154469917627357063e+02 5.203773567040695980e+01
-5.254501058783525025e-01 2.633867786882851725e+00 -2.164741254579247709e-01 1.144214702130234116e+02 5.293575618956228368e+01
-5.254501058783525025e-01 2.633867786882851725e+00 -2.164741254579247709e-01 1.144214702130234116e+02 5.293575618956228368e+01
-5.055406313253163475e-01 2.612609454276826337e+00 -2.421377153848034425e-01 1.145054809479915576e+02 5.206847567192642146e+01
-5.307580888426279841e-01 2.634846618916604655e+00 -2.041206681700380443e-01 1.144083179259781105e+02 5.286794455822652594e+01
-4.922348923034025603e-01 2.609907046654792673e+00 -2.785492592668532552e-01 1.156681005056063469e+02 5.198709460366819712e+01
-5.332667403177726584e-01 2.640755818644451747e+00 -1.969770176033094344e-01 1.146604884922240331e+02 5.262765899366470990e+01
-4.830334029635015014e-01 2.601870011443049968e+00 -2.892220077891600738e-01 1.145964533295019976e+02 5.256774931700286402e+01
-5.171369614970604545e-01 2.636418112398347890e+00 -2.306029406126235415e-01 1.147517895140634892e+02 5.287456188420497938e+01
-5.393756846311248410e-01 2.645775988809792700e+00 -1.911183528116318087e-01 1.147830658943681925e+02 5.288159440188906046e+01
-5.393756846311248410e-01 2.645775988809792700e+00 -1.911183528116318087e-01 1.147830658943681925e+02 5.288159440188906046e+01
-4.988183545028990196e-01 2.606257778789551782e+00 -2.590238129501596376e-01 1.151505884225221479e+02 5.170266180068375661e+01
-4.988183545028990196e-01 2.606257778789551782e+00 -2.590238129501596376e-01 1.151505884225221479e+02 5.170266180068375661e+01
-5.230782119022858723e-01 2.626145858635529073e+00 -2.130330592761300323e-01 1.153292170200780902e+02 5.232736166496044916e+01
-5.280624074246862421e-01 2.642178308055144864e+00 -2.179299946105466290e-01 1.157412204969927672e+02 5.137977235350669503e+01
-5.263849163951217491e-01 2.639453832090468133e+00 -2.121820851986235823e-01 1.149125607017655710e+02 5.177696261798621435e+01
-5.319572759021262698e-01 2.638854373941711629e+00 -2.063821695485898999e-01 1.147858217379294246e+02 5.216258829448719325e+01
-5.243022509822452548e-01 2.638180146525932468e+00 -2.177020524359498665e-01 1.156312200271192978e+02 5.226069984692148296e+01
-5.256402009626963689e-01 2.632306744574713253e+00 -2.113727804715797021e-01 1.140873661434884383e+02 5.257503783820098420e+01
-4.947972357701289070e-01 2.616284909824954319e+00 -2.743260736941905975e-01 1.153582396292863308e+02 5.133086687762585143e+01
-4.908440815544024005e-01 2.614045993599852125e+00 -2.830421566830843005e-01 1.151719877953483859e+02 5.216045297979550810e+01
-5.158869038704931853e-01 2.636041632895556486e+00 -2.328685967393582246e-01 1.148067193840247313e+02 5.257189991126102768e+01
-4.825662695313646111e-01 2.604743088873666679e+00 -2.916544275180168455e-01 1.150103573115527809e+02 5.190505725431927431e+01
-5.115176425077461175e-01 2.622568074164275398e+00 -2.390090804086213438e-01 1.158682317988995720e+02 5.235865802720567785e+01
-5.049975295150268551e-01 2.625198690637652543e+00 -2.552851357335406135e-01 1.158316124786272354e+02 5.235538884337836407e+01
-5.171939758725727643e-01 2.633524722779899907e+00 -2.376613325615544170e-01 1.151794791418498392e+02 5.253970342501810364e+01
-5.164771756907420297e-01 2.634422004374582293e+00 -2.369612486665992890e-01 1.158587718949195420e+02 5.246935263377770298e+01
-4.974493263665156206e-01 2.609760081322544778e+00 -2.595501192036824278e-01 1.153887877245926461e+02 5.200413791454417378e+01
-5.047015601115960592e-01 2.621133695604687563e+00 -2.587351882110695556e-01 1.156276925987287854e+02 5.220418024633710274e+01
-4.987344848132710950e-01 2.619368782437356824e+00 -2.647826413700364867e-01 1.142638209109322673e+02 5.243658777902737711e+01
-5.062424519209205442e-01 2.613655282042713246e+00 -2.480409428155443408e-01 1.157853502550762670e+02 5.168829707837466003e+01
-5.062424519209205442e-01 2.613655282042713246e+00 -2.480409428155443408e-01 1.157853502550762670e+02 5.168829707837466003e+01
-5.349563899443836590e-01 2.641997692979749068e+00 -1.975299094596625338e-01 1.143323548337520776e+02 5.259112229194869315e+01
-5.009623186243921111e-01 2.611980246909953784e+00 -2.587317455489390738e-01 1.158792972915807837e+02 5.204881289197473393e+01
-5.346628898350385128e-01 2.650769035052336076e+00 -2.061075559917444622e-01 1.155682336627603490e+02 5.176419182495951077e+01
-5.346628898350385128e-01 2.650769035052336076e+00 -2.061075559917444622e-01 1.155682336627603490e+02 5.176419182495951077e+01
-4.918334366875116714e-01 2.611088217305497228e+00 -2.771966018616964789e-01 1.158308649904141134e+02 5.165970207257495872e+01
-5.410629959927568677e-01 2.644367419337387837e+00 -1.852989823562420924e-01 1.149419188985923199e+02 5.226117001128457673e+01
-5.313339785551569605e-01 2.646807715885775902e+00 -2.124840801341711938e-01 1.155240384459631571e+02 5.242451877019644257e+01
-5.313339785551569605e-01 2.646807715885775902e+00 -2.124840801341711938e-01 1.155240384459631571e+02 5.242451877019644257e+01
-5.207943428853152312e-01 2.636240814578305613e+00 -2.313250192102973557e-01 1.150873142758266852e+02 5.210854313110925773e+01
-5.062925549055545815e-01 2.620771147123711398e+00 -2.485258888757222451e-01 1.156903443316578972e+02 5.257048090716995148e+01
-5.061878864459306016e-01 2.629733264651896274e+00 -2.589548566996562329e-01 1.156249535228415652e+02 5.163978970159070059e+01
-5.245488284619357344e-01 2.638931291658335176e+00 -2.240789019065161369e-01 1.150146390549743955e+02 5.202295791533890679e+01
-5.323630090930748793e-01 2.648798173929702404e+00 -2.062315117833328770e-01 1.152430171466810975e+02 5.234735449866420254e+01
-5.339447270074932916e-01 2.639158195500660664e+00 -2.029717374283706022e-01 1.154955588696596038e+02 5.213328992869435297e+01
-5.151564347104695685e-01 2.623116127909407957e+00 -2.309481118389040688e-01 1.153381087323064520e+02 5.299822461984072675e+01
-4.959305882336817461e-01 2.621137944908038531e+00 -2.721308740928858327e-01 1.147153603613310935e+02 5.205314953541184764e+01
-5.303860540905471765e-01 2.647381437062110265e+00 -2.111461355180743737e-01 1.145698466776536861e+02 5.250688589980231313e+01
-5.015231229417747016e-01 2.620102543795349792e+00 -2.551221739785685116e-01 1.150840860913240249e+02 5.238512034526516459e+01
-4.947275238119894780e-01 2.603472099937957918e+00 -2.638582217020317700e-01 1.152218150770133889e+02 5.193965491523800893e+01
-4.985257648427934285e-01 2.617597306521478373e+00 -2.651876459767397165e-01 1.156411478037262555e+02 5.129716354854372184e+01
-5.190740852293682650e-01 2.635878364657074258e+00 -2.322807827110455747e-01 1.146167644988551757e+02 5.278179968449200032e+01
-5.341359097830586933e-01 2.647777756925350445e+00 -2.056498203519225854e-01 1.152514983520844112e+02 5.161097394384154313e+01
-5.099956114316732680e-01 2.631334169067999440e+00 -2.476605930801518696e-01 1.145566854189592902e+02 5.199025408605081111e+01
-5.131640383492417357e-01 2.630025752440948938e+00 -2.451930668931865398e-01 1.154895324670007142e+02 5.220817377402801185e+01
-4.989440252848318380e-01 2.612455745512300975e+00 -2.557821251285119502e-01 1.148107462292133079e+02 5.252922320423678570e+01
-5.130130925068998593e-01 2.630996240108707251e+00 -2.408972666606992163e-01 1.142813868499868164e+02 5.258334248647602749e+01
-5.127304379164776549e-01 2.630511876780182501e+00 -2.427142429330046980e-01 1.144681872307142214e+02 5.269187884382202469e+01
-5.011504716496979484e-01 2.612197979715535467e+00 -2.523329837766823402e-01 1.142767716204839559e+02 5.220586015320770912e+01
-5.095501330192409029e-01 2.627313959655520392e+00 -2.445411229294141009e-01 1.148179293915008259e+02 5.323072488671866154e+01
-5.091405125991173009e-01 2.617785953261774434e+00 -2.375489470077845056e-01 1.140719533820420963e+02 5.275571310862116547e+01
-5.197480882102905042e-01 2.619897797819215501e+00 -2.190240118247626100e-01 1.150232142402819022e+02 5.231299520287421956e+01
-5.174780947482808813e-01 2.638432667289573708e+00 -2.332708022788612112e-01 1.144988664714503273e+02 5.269028523870360914e+01
-4.964054528640122754e-01 2.607642876052292724e+00 -2.663505931471394916e-01 1.149579196040211571e+02 5.248242762637644887e+01
-5.354787427291451962e-01 2.642247148956444747e+00 -2.009699074009532183e-01 1.152282806384028362e+02 5.208084106667587321e+01
-5.032924345248392939e-01 2.625023743514529606e+00 -2.570860449747698340e-01 1.147674904564079839e+02 5.303645716334415283e+01
-5.060608748816362024e-01 2.623718288057072190e+00 -2.539846588534793170e-01 1.151799640295467384e+02 5.298331328680535535e+01
-5.272185822818737932e-01 2.634750508786619871e+00 -2.085844583560341192e-01 1.149852942372130258e+02 5.172489882160979846e+01
-5.271959366299370231e-01 2.640649783671117135e+00 -2.194727079411151749e-01 1.153591404491703969e+02 5.179425141360627549e+01
-5.191098295439964261e-01 2.637971705783211718e+00 -2.271553531031145212e-01 1.147903607420525702e+02 5.230873256729057630e+01
-5.127320929138381445e-01 2.618153745926621312e+00 -2.350622285114116750e-01 1.151197212237998571e+02 5.290979595008877823e+01
-4.924439199996166749e-01 2.617828174514820638e+00 -2.790936338052620869e-01 1.150648258374015711e+02 5.189210173866339915e+01
-5.309144745576963587e-01 2.633098288063532078e+00 -1.998085291912108374e-01 1.146788973916487748e+02 5.230272350853729790e+01
-5.255709402283175180e-01 2.634009975776460788e+00 -2.126212941172092030e-01 1.144141219197550612e+02 5.319616543470891656e+01
-5.098144436235694243e-01 2.621256986375514852e+00 -2.387125140671866319e-01 1.142218695636138790e+02 5.321060513970184047e+01
-5.351625572162781452e-01 2.644301064904825527e+00 -1.974557764764828249e-01 1.144521905203626062e+02 5.261694547780129483e+01
-5.000021439396018508e-01 2.613235364587852771e+00 -2.558048626235809309e-01 1.150711321770250777e+02 5.171032300641414281e+01
-5.327209031283279828e-01 2.644109129136272607e+00 -2.041293976674101174e-01 1.150702104631615725e+02 5.162838297773370755e+01
-5.210365614631768949e-01 2.633733532995830906e+00 -2.226820612106727992e-01 1.156262896519835692e+02 5.223120289753165935e+01
-5.161232557704931168e-01 2.636403627622643242e+00 -2.374165191806643094e-01 1.147730372103306422e+02 5.285898209990034502e+01
-5.073046836297239182e-01 2.628670951715132542e+00 -2.508528805999361566e-01 1.143920729685065254e+02 5.250150235119343733e+01
-5.229483432161190493e-01 2.643701429434333949e+00 -2.264313728556430760e-01 1.148634568818009853e+02 5.217555636011442743e+01
-5.195692342313691370e-01 2.633152735100299680e+00 -2.251647125918729841e-01 1.155101942839736893e+02 5.242579845533779803e+01
-5.078672643202306602e-01 2.615550506963608246e+00 -2.424261517082531014e-01 1.152367565126168500e+02 5.286419428598415493e+01
-5.166846690551114563e-01 2.630941920969172454e+00 -2.367616013141677911e-01 1.153930938174552523e+02 5.148181621906988426e+01
-5.037395444183943027e-01 2.625806958803500013e+00 -2.596803750172185232e-01 1.147455304890345928e+02 5.261644756275657642e+01
-5.092805314130046668e-01 2.620437287281020655e+00 -2.430189030172194009e-01 1.146481844270640238e+02 5.168512242999449313e+01
-5.330133730925483704e-01 2.639860646617933959e+00 -2.009928350225305138e-01 1.144671434037881141e+02 5.242135173772379630e+01
-5.228347579769732079e-01 2.635733932994970719e+00 -2.197033736254621061e-01 1.144426497025059746e+02 5.198673843796868255e+01
-5.030570112997061472e-01 2.611688854768325019e+00 -2.478341838702196043e-01 1.144563448745407328e+02 5.291777077991213218e+01
-5.255607212864106259e-01 2.643574004352498452e+00 -2.221991957848885590e-01 1.153156480736692515e+02 5.253908848885441785e+01
-5.204316259915593434e-01 2.631096935286151073e+00 -2.198029601573807668e-01 1.142991807242773632e+02 5.253140503360651792e+01
-5.231726038973132376e-01 2.625632222739778143e+00 -2.126997876991101322e-01 1.149248549430906507e+02 5.257317881884773669e+01
-4.912259558131619741e-01 2.604846071126616369e+00 -2.747147959841225173e-01 1.154239387875471436e+02 5.209606664749679794e+01
-5.022693544931140508e-01 2.620069611740682092e+00 -2.583201504660941339e-01 1.145833770689016262e+02 5.301819434899957173e+01
-5.315876953782439074e-01 2.633781636919395375e+00 -2.021772828107089026e-01 1.151893021767108252e+02 5.235932751881261993e+01
-4.985750259708403576e-01 2.617986899238816001e+00 -2.620520103607884010e-01 1.152997634752926643e+02 5.216693530828990788e+01
-5.193667339714007625e-01 2.625571166277559598e+00 -2.244068744142495575e-01 1.156726711062170949e+02 5.230934450362389043e+01
-5.161157452203308793e-01 2.637511663326806755e+00 -2.354303230853318496e-01 1.147054370828459895e+02 5.244158095994148994e+01
-5.249434583156533662e-01 2.630164132645798514e+00 -2.163006887992295901e-01 1.156401104429166651e+02 5.179106385897100040e+01
-5.375764890445307032e-01 2.645297654761165074e+00 -1.939448972079667044e-01 1.148357987545567482e+02 5.256606025418614081e+01
-5.313927818430350669e-01 2.639178196088004746e+00 -2.020084238596435711e-01 1.144848209773527827e+02 5.245512350073454400e+01
-5.196562979164287555e-01 2.638713126558001942e+00 -2.281186756672930471e-01 1.148457369579247569e+02 5.272110815772649062e+01
-5.146953455790868048e-01 2.636898255306260541e+00 -2.427770178321821959e-01 1.151843747660413158e+02 5.214670212452040232e+01
-5.310519190742484241e-01 2.633385988815950984e+00 -2.018447993931573592e-01 1.151448651477302150e+02 5.229458336752051650e+01
-5.112917783681165673e-01 2.620331312233377119e+00 -2.381922561170135566e-01 1.146582141195372913e+02 5.312412248114563340e+01
-5.283831402708791813e-01 2.633891934962045323e+00 -2.059881021897833620e-01 1.148058672986160218e+02 5.284900332830568459e+01
-5.197552859641128009e-01 2.638774928534489472e+00 -2.327923892361543068e-01 1.153135605600550946e+02 5.251917625619927321e+01
-5.001690571841637123e-01 2.616498124348042076e+00 -2.598579164176690881e-01 1.144805784224094083e+02 5.302338263770957383e+01
-5.289604134795871104e-01 2.638965578567992853e+00 -2.083162785913792447e-01 1.147230387369670552e+02 5.299477254030531981e+01
-5.081188373718248386e-01 2.620473497244856453e+00 -2.497139784709698773e-01 1.155704666699341487e+02 5.221713062083861701e+01
-4.933606289161396319e-01 2.613745887506564891e+00 -2.711457455957422269e-01 1.145542876277464615e+02 5.250629674700996929e+01
-4.914740333351748092e-01 2.605474351259020160e+00 -2.710237932364574220e-01 1.148035800041241856e+02 5.266569841933679186e+01
-5.216526318428158504e-01 2.631772771000477906e+00 -2.199003608911542784e-01 1.143297487947468767e+02 5.221448774969513806e+01
-5.273052041294885584e-01 2.638322429769550670e+00 -2.109589533605102929e-01 1.150637859533867697e+02 5.177953724554799919e+01
-5.248890485545913975e-01 2.639088445577692177e+00 -2.200053859384034638e-01 1.158020452894161423e+02 5.186534247364986072e+01
-5.156433909878721522e-01 2.633487871268805680e+00 -2.364148441864628580e-01 1.154928929127133017e+02 5.141992357155174886e+01
-5.282678514398915226e-01 2.643173533669498365e+00 -2.122767483022531820e-01 1.150545610536467223e+02 5.185286709371536062e+01
-5.219778942478896511e-01 2.624650531729436853e+00 -2.154720606302369390e-01 1.148482596147058814e+02 5.215261014837409448e+01
-5.098439022767848883e-01 2.624473308220225398e+00 -2.472482063904362093e-01 1.149099139640860017e+02 5.198195786962111242e+01
-5.086077759614795468e-01 2.627255378155656018e+00 -2.465494842195692371e-01 1.149947232914156956e+02 5.160041542379346424e+01
-5.246141044557930400e-01 2.640049328311746990e+00 -2.213073701556460549e-01 1.155992581675793929e+02 5.242490946883287961e+01
-5.195850252261529079e-01 2.635488870704616460e+00 -2.296930389117797233e-01 1.145314914863745912e+02 5.237730571493452203e+01
-5.092999608453272486e-01 2.623132117158620602e+00 -2.449875446902840537e-01 1.152845066297506662e+02 5.132720378924676652e+01
-5.063315588813894763e-01 2.615195444675035397e+00 -2.441498553375058833e-01 1.145624169752220922e+02 5.200384444898625702e+01
-5.144545512097753459e-01 2.618796390036498778e+00 -2.274469705586454893e-01 1.148089631707396023e+02 5.239418200101454204e+01
-5.065799789938605358e-01 2.611622670153417314e+00 -2.434211936631793805e-01 1.150501359353742572e+02 5.242332230164495854e+01
-5.223780749591870887e-01 2.625863427348872126e+00 -2.145959057615591803e-01 1.147991339948482761e+02 5.264998338340868145e+01
-4.984915652935679731e-01 2.611288586841285841e+00 -2.589274049312493275e-01 1.149480757710278169e+02 5.283789138661251172e+01
-5.276040041958101057e-01 2.638600182760004742e+00 -2.155922266043202029e-01 1.152436210238150522e+02 5.167336632320095191e+01
-5.027919191962446632e-01 2.617587303879665761e+00 -2.578199837367662894e-01 1.152059823246149648e+02 5.261384532765853805e+01
-5.078163253866510018e-01 2.622193923853112452e+00 -2.478462974268289543e-01 1.151045590270089747e+02 5.181476711350936171e+01
-5.092290659726730340e-01 2.628397377094339848e+00 -2.511825596131220806e-01 1.154017244957073416e+02 5.228186977956460169e+01
-5.029811473222292051e-01 2.612787575519572858e+00 -2.521485614780587525e-01 1.154531267483965991e+02 5.229541681123680519e+01
-5.054717255335132720e-01 2.619395832500069243e+00 -2.493017781095279162e-01 1.151273191785347478e+02 5.221024041096762858e+01
-5.054717255335132720e-01 2.619395832500069243e+00 -2.493017781095279162e-01 1.151273191785347478e+02 5.221024041096762858e+01
-5.119698444870879328e-01 2.629579042206575235e+00 -2.447993448196541522e-01 1.157260329290656671e+02 5.175702961861927065e+01
-5.048580757999783231e-01 2.618123452295639364e+00 -2.529146387310632349e-01 1.150191173069336088e+02 5.195106271524662134e+01
-5.165286885873214828e-01 2.626458963857772222e+00 -2.312786657405894175e-01 1.148080004034868153e+02 5.171017002095481985e+01
-4.990088804821990465e-01 2.618062405413594362e+00 -2.652559749980376580e-01 1.153079995627525989e+02 5.168151869981423374e+01
-5.260643741571300325e-01 2.635183476392967350e+00 -2.168400642408254697e-01 1.152732947057561432e+02 5.208131800640492770e+01
-5.019295819573610373e-01 2.618139775839406713e+00 -2.566087304508943845e-01 1.145194906911280270e+02 5.218472244264413007e+01
-5.043508673602179471e-01 2.622077615205788081e+00 -2.527848609912144440e-01 1.147502869305484126e+02 5.205625503703515733e+01
-5.118518736915955714e-01 2.625445080896314565e+00 -2.401110556667198637e-01 1.147930100093009855e+02 5.234225124103329563e+01
-5.118518736915955714e-01 2.625445080896314565e+00 -2.401110556667198637e-01 1.147930100093009855e+02 5.234225124103329563e+01
-5.183255861004312237e-01 2.632278840863222502e+00 -2.322965625849100491e-01 1.153153820155411040e+02 5.166811129705359917e+01
-5.005551073730583056e-01 2.612386928711161183e+00 -2.562893014052196605e-01 1.148538258698640107e+02 5.267284297337903354e+01
-5.071126345621070897e-01 2.623663935390997182e+00 -2.500475269638329223e-01 1.145970969269492201e+02 5.246826852041581901e+01
-5.085483844299485412e-01 2.617935143855889102e+00 -2.419556153208972660e-01 1.148748397307295619e+02 5.216861131610502866e+01
-5.085483844299485412e-01 2.617935143855889102e+00 -2.419556153208972660e-01 1.148748397307295619e+02 5.216861131610502866e+01
-5.166660273728744812e-01 2.628512935654452320e+00 -2.325772775391232727e-01 1.146346252164156567e+02 5.276256685764329291e+01
-5.031993581288052297e-01 2.620916677783582838e+00 -2.561509342018037927e-01 1.152495616914572167e+02 5.236274915973061184e+01
-5.031993581288052297e-01 2.620916677783582838e+00 -2.561509342018037927e-01 1.152495616914572167e+02 5.236274915973061184e+01
-4.995846127925931413e-01 2.621294190695829140e+00 -2.655550256149155075e-01 1.153823581540060133e+02 5.202291567815694862e+01
-5.157735271351366890e-01 2.623310969199763587e+00 -2.293291238803831789e-01 1.149201443397896725e+02 5.179957599135468627e+01
-5.072142789766722615e-01 2.620574081929734955e+00 -2.510023636265952263e-01 1.150830644510483296e+02 5.225231417242281395e+01
-5.214918958193290877e-01 2.640355828510848823e+00 -2.274147320376780357e-01 1.152734157724224104e+02 5.220128623573603477e+01
-5.056622615992374392e-01 2.624580278818634760e+00 -2.523708296140902974e-01 1.146579628001120739e+02 5.194528634656748523e+01
-5.238028810928234691e-01 2.636009919341361307e+00 -2.210820886397506513e-01 1.151064721836362708e+02 5.193104321655076205e+01
-5.117615467056939593e-01 2.628041991815579070e+00 -2.427351297937025976e-01 1.155631608432355080e+02 5.251877348357305664e+01
-5.129340404221398586e-01 2.621380181395621012e+00 -2.351089813069826562e-01 1.146290089584523599e+02 5.224163335293675914e+01
-5.032340466631080034e-01 2.617324811392641060e+00 -2.527890329115241030e-01 1.154727166707695005e+02 5.227020780614350315e+01
-5.200287336789077841e-01 2.635982128523893131e+00 -2.276972093945452968e-01 1.145754323172795210e+02 5.206847335880783589e+01
-5.215226035546347561e-01 2.635801415933181069e+00 -2.249683986758910237e-01 1.155342627310697168e+02 5.237986217833756086e+01
-5.099994874343867224e-01 2.618524230433979749e+00 -2.418852473833190686e-01 1.151876746063727808e+02 5.241186358760415942e+01
-5.141414199730638401e-01 2.632285353732345179e+00 -2.376941297700874145e-01 1.150149267663111203e+02 5.208833068043233538e+01
-5.141414199730638401e-01 2.632285353732345179e+00 -2.376941297700874145e-01 1.150149267663111203e+02 5.208833068043233538e+01
-5.199173592293098167e-01 2.636021067701147746e+00 -2.286778323791178735e-01 1.146158730445885539e+02 5.220095259624650907e+01
-5.139591252954254230e-01 2.619176922476508018e+00 -2.327996204144415771e-01 1.150595879881415726e+02 5.242232274298544326e+01
-5.123230796647213481e-01 2.627012314701883344e+00 -2.411683295934157201e-01 1.158016684994704235e+02 5.200563356298371787e+01
-5.051623516768568578e-01 2.619647572855502204e+00 -2.534357171851961965e-01 1.149361496345519811e+02 5.242568686686425394e+01
-4.975397672533325988e-01 2.612445188262964457e+00 -2.633769607214091479e-01 1.151549522837525501e+02 5.279836150286118368e+01
-5.095814450346356494e-01 2.621330712221541237e+00 -2.430609865754380650e-01 1.146249358345709766e+02 5.194705441925552236e+01
-5.196965019399435448e-01 2.626112948460201046e+00 -2.247636282320772949e-01 1.147919062183683252e+02 5.234122577174161961e+01
-5.002788645538238654e-01 2.610269778108077698e+00 -2.578656124810443373e-01 1.151478983858361147e+02 5.183054600662649136e+01
-5.156331295598146625e-01 2.627426481499988142e+00 -2.332367257212002443e-01 1.157767932516992886e+02 5.203222542526498273e+01
-5.064362877418684405e-01 2.625246807146584871e+00 -2.499325485482319920e-01 1.152223071303766773e+02 5.215091835143886101e+01
-5.293870163920750826e-01 2.641385721608022319e+00 -2.098190825434453899e-01 1.145289074200041597e+02 5.242319058189005432e+01
-5.218942341856562805e-01 2.626707821910966523e+00 -2.156322510321437846e-01 1.149588830160867019e+02 5.245659087586381020e+01
-5.288018416202424632e-01 2.634304011361749964e+00 -2.071382862598305508e-01 1.152695397412727658e+02 5.236971613068530473e+01
-5.063278222312899146e-01 2.623354427867302885e+00 -2.553807456468000225e-01 1.155126032170270918e+02 5.206453439457257559e+01
-5.160582061403182763e-01 2.622170928505187071e+00 -2.253280900573102485e-01 1.147609805803341914e+02 5.236761708010476468e+01
-5.058852093493459989e-01 2.614088210307983662e+00 -2.462185913184580244e-01 1.147316546890483835e+02 5.206816702251384754e+01
-4.990569786034528832e-01 2.612428649880905063e+00 -2.612109391979196005e-01 1.145866432770624215e+02 5.255671421782543007e+01
-5.162173894076920178e-01 2.630643426153417508e+00 -2.312354182814129189e-01 1.150390171249978835e+02 5.166513741646014068e+01
-5.113016639687817388e-01 2.631002900091484964e+00 -2.434075347862805216e-01 1.153554971333020660e+02 5.215419400977998521e+01
-5.009392340309055669e-01 2.616159756557236093e+00 -2.599671413917121754e-01 1.153643050694159626e+02 5.269542031690201611e+01
-5.240138105236002986e-01 2.629796103440278809e+00 -2.173295175231455545e-01 1.149976029782729228e+02 5.199211832273962841e+01
-5.149513410886950027e-01 2.630233618179843358e+00 -2.333186408571990000e-01 1.150656023864019630e+02 5.208596268344155078e+01
-4.969122119056610387e-01 2.614472681659076425e+00 -2.680082668887902031e-01 1.150395075485054974e+02 5.209709748958653108e+01
-5.197102203535699516e-01 2.628102940295664158e+00 -2.219526802857672010e-01 1.145237656946748501e+02 5.214064912657565287e+01
-4.999567599512335647e-01 2.615430288616546139e+00 -2.624732454410434457e-01 1.149468277338635716e+02 5.195458757295122609e+01
-5.006084764570521983e-01 2.619816687565258650e+00 -2.612838787507385518e-01 1.151574240247039427e+02 5.178042656164041091e+01
-5.017932430505744890e-01 2.616128690341812835e+00 -2.574352426362196411e-01 1.147551078760112233e+02 5.262293669902277315e+01
-4.998831982632552240e-01 2.619046891472110339e+00 -2.652705498825156383e-01 1.154389154488007847e+02 5.193048612247488904e+01
-4.998831982632552240e-01 2.619046891472110339e+00 -2.652705498825156383e-01 1.154389154488007847e+02 5.193048612247488904e+01
-5.045182051143468627e-01 2.619338018480517061e+00 -2.537124442728906359e-01 1.155849132674057813e+02 5.231787273526151694e+01
-5.031415015505249499e-01 2.614556070306846447e+00 -2.506746999785960384e-01 1.146718574578383425e+02 5.209354068826300477e+01
-5.218225435266763412e-01 2.627829327942139415e+00 -2.194935190077877962e-01 1.153635423466630101e+02 5.192664783091848335e+01
-5.243905661745689173e-01 2.640356486914997802e+00 -2.193958512844318420e-01 1.153004731552792492e+02 5.203144785101920888e+01
-4.996654910306581598e-01 2.619102533967835100e+00 -2.613441158562714861e-01 1.151760034866842091e+02 5.190772465355561849e+01
-5.116341000344428736e-01 2.627431582043008529e+00 -2.437195605120781039e-01 1.150772816588415850e+02 5.260562574623568821e+01
-5.116341000344428736e-01 2.627431582043008529e+00 -2.437195605120781039e-01 1.150772816588415850e+02 5.260562574623568821e+01
-5.133190520926573797e-01 2.624692498299753041e+00 -2.356785022313108158e-01 1.154617172592829633e+02 5.193964749328807784e+01
-5.242849917771810198e-01 2.638299949129035316e+00 -2.208033715476460657e-01 1.147301922902789357e+02 5.244038516114832760e+01
-5.221408357635564101e-01 2.639830564192527707e+00 -2.247530662894607900e-01 1.147348211825590028e+02 5.234681457105449454e+01
-5.258178947964298189e-01 2.640029752570964394e+00 -2.179978666650388419e-01 1.147874840459379726e+02 5.239465489725591851e+01
-5.258178947964298189e-01 2.640029752570964394e+00 -2.179978666650388419e-01 1.147874840459379726e+02 5.239465489725591851e+01
-5.100679358388413576e-01 2.615795688976702671e+00 -2.404786172664081789e-01 1.152524115273765233e+02 5.204692975821083678e+01
-5.093763047797557064e-01 2.627422003175830856e+00 -2.440223886416070798e-01 1.149665364269365853e+02 5.238772723068831283e+01
-5.196199779618790870e-01 2.629782740270322883e+00 -2.245416499600061400e-01 1.144993502797747880e+02 5.271320369061723454e+01
-5.196199779618790870e-01 2.629782740270322883e+00 -2.245416499600061400e-01 1.144993502797747880e+02 5.271320369061723454e+01
-5.041237607035640167e-01 2.622386143482002385e+00 -2.557869252762454693e-01 1.150378718565950464e+02 5.192477666826934524e+01
-5.041237607035640167e-01 2.622386143482002385e+00 -2.557869252762454693e-01 1.150378718565950464e+02 5.192477666826934524e+01
-5.063714052147627598e-01 2.624915735681167650e+00 -2.545126315921493187e-01 1.153173865520749786e+02 5.261126749485651999e+01
-5.029205778533896165e-01 2.612583715562467379e+00 -2.539433514597284614e-01 1.150220862151034851e+02 5.195295049120187514e+01
-5.180970434730998164e-01 2.634110163495915646e+00 -2.329762870973315358e-01 1.148958796481222322e+02 5.264084766168878105e+01
-5.204662124774976917e-01 2.634272939593413021e+00 -2.246721370727051692e-01 1.150599347978021854e+02 5.198104442157571725e+01
-5.204662124774976917e-01 2.634272939593413021e+00 -2.246721370727051692e-01 1.150599347978021854e+02 5.198104442157571725e+01
-5.190207605987406936e-01 2.635650036975321076e+00 -2.278035733691279319e-01 1.151148332411778483e+02 5.223008668408633071e+01
-5.099343661015609541e-01 2.626987063736455852e+00 -2.464265619389998108e-01 1.155440132515618217e+02 5.163826952032644613e+01
-5.167526160483770781e-01 2.626934761768361160e+00 -2.305535872795640984e-01 1.153619106214630108e+02 5.251301405794774269e+01
-5.167526160483770781e-01 2.626934761768361160e+00 -2.305535872795640984e-01 1.153619106214630108e+02 5.251301405794774269e+01
-5.246645739943094355e-01 2.634167931778991889e+00 -2.183313931248243023e-01 1.147065414542854285e+02 5.238995358473079023e+01
-5.050508958685657745e-01 2.623218562821594269e+00 -2.540293189141440422e-01 1.147816859105248142e+02 5.226051920627261893e+01
-5.050508958685657745e-01 2.623218562821594269e+00 -2.540293189141440422e-01 1.147816859105248142e+02 5.226051920627261893e+01
-5.098634245862143644e-01 2.618803658984072413e+00 -2.366156796566158960e-01 1.145227924938423456e+02 5.260059138728487937e+01
-5.137884665210261659e-01 2.628228175875189532e+00 -2.403136210497063274e-01 1.156902274815436158e+02 5.181462058586564012e+01
-4.995099602496697599e-01 2.614632919919126053e+00 -2.596898936555458448e-01 1.149073858620018456e+02 5.272454472469709685e+01
-5.270082119945227461e-01 2.634198959467310086e+00 -2.139925381104212931e-01 1.155285656216886139e+02 5.229088265241043132e+01
-5.062613197012346689e-01 2.615933104992628877e+00 -2.468909166244124265e-01 1.153827393527783300e+02 5.194417877011792939e+01
-5.082270229117167304e-01 2.625688605944059617e+00 -2.498768136169218224e-01 1.150616945093755561e+02 5.167772251176592135e+01
-5.285475451545575964e-01 2.636173180795733373e+00 -2.105802323793941611e-01 1.153508892027921178e+02 5.162397896479509996e+01
-4.955616326121674575e-01 2.611514050867727033e+00 -2.677934130334005403e-01 1.146609688633130020e+02 5.251599037358542432e+01
-4.998922903558007391e-01 2.619995467669741451e+00 -2.616106193619796016e-01 1.149112206637096278e+02 5.225902260153532097e+01
-4.998922903558007391e-01 2.619995467669741451e+00 -2.616106193619796016e-01 1.149112206637096278e+02 5.225902260153532097e+01
-4.964931185951826365e-01 2.608973958980199459e+00 -2.640830695748235257e-01 1.149022364715370657e+02 5.245956408401852400e+01
-4.964931185951826365e-01 2.608973958980199459e+00 -2.640830695748235257e-01 1.149022364715370657e+02 5.245956408401852400e+01
-5.141307854044701031e-01 2.627541072597306293e+00 -2.364112910502118581e-01 1.148047764425443660e+02 5.237004509551832143e+01
-5.141307854044701031e-01 2.627541072597306293e+00 -2.364112910502118581e-01 1.148047764425443660e+02 5.237004509551832143e+01
-5.141307854044701031e-01 2.627541072597306293e+00 -2.364112910502118581e-01 1.148047764425443660e+02 5.237004509551832143e+01
-5.192212033216652145e-01 2.624734453212129726e+00 -2.242280479956288985e-01 1.152200588016244609e+02 5.175262067545170908e+01
-5.075625381683508408e-01 2.614405442492687026e+00 -2.418292686786092105e-01 1.151806948290394388e+02 5.229102025023624378e+01
